Statement for : Current Period (01/03/2020 - 18/03/2020),,,,,,
"	",,,,,,
,,,,,,
,,,,,,
,,,,,,
Account Statement for : 069664700000762,,,,,,
Opening Balance : 61777.97,,,,,,
Closing Balance : 10362.49,,,,,,
Txn Date, Value Date, Reference No, Description, Debit Amount, Credit Amount, Running Balance
 '31/03/2020 07:54:45,'31/03/2020,',IMPS/anekal guest ho/NARASING NIRALE/XXX2938/RRN:009107467722/ICICIBank,0,14500,30756.49
'30/03/2020 00:05:41,'30/03/2020,',IMPS/FP4422102169862/BharatPe/XXX0543/RRN:009000640640/ICICIBank,0,11573,16256.49
'27/03/2020 13:52:23,'27/03/2020,',NEFT-N087200387843764-100022825476-SHANKAR BHASKARAN MILRED ROYAN,44745,0,4683.49
'27/03/2020 13:50:00,'27/03/2020,',IMPS/Interbank/EASYLEASES TECHNOLOG/XXX9578/RRN:008713114889/HDFCBank,0,25000,49428.49
'24/03/2020 20:56:03,'24/03/2020,',Funds Trf /IMPS/RRN:008420146062/XXX0762 /State Bank Of IndiaPrathap feb salary,5868,0,24428.49
'20/03/2020 15:36:10,'20/03/2020,',NEFT-N080200386365313-100022759914-EASYLEASES TECHNOLOGIES PRIVATE LTD,50000,0,30296.49
'20/03/2020 15:16:50,'20/03/2020,',IMPS/Loan to company/SHITAL KUMAR BHAGAT/XXX6900/RRN:008015594424/ICICIBank,0,50000,80296.49
'20/03/2020 13:48:31,'20/03/2020,',IMPS/BHARATPE9020009194720200305YES0/BharatPe/XXX0543/RRN:008013366897/ICICIBank,0,29500,30296.49
'20/03/2020 10:39:55,'20/03/2020,',NEFT-N080200386232241-100022747022-KRISHNAKUMAR J,13296,0,796.49
'20/03/2020 10:31:22,'20/03/2020,',NEFT Cr-HDFC0000001-EASYLEASES TECHNOLOGIES PRIVATE LIM-Easyleases Technologies Pvt Ltd-N080201099298584,0,13000,14092.49
'19/03/2020 14:24:53,'19/03/2020,',NEFT-N079200385918013-100022722755-MARUTHI STORES,70000,0,1092.49
'19/03/2020 14:02:26,'19/03/2020,',NEFT Cr-HDFC0000001-EASYLEASES TECHNOLOGIES PRIVATE LIM-Easyleases Technologies Pvt Ltd-N079201098276331,0,70000,71092.49
'19/03/2020 12:10:32,'19/03/2020,',NEFT-N079200385802119-100022711262-BRUNDABEN JENA,16195,0,1092.49
'19/03/2020 12:03:19,'19/03/2020,',NEFT Cr-HDFC0000001-EASYLEASES TECHNOLOGIES PRIVATE LIM-Easyleases Technologies Pvt Ltd-N079201098070146,0,12000,17287.49
'18/03/2020 20:54:41,'18/03/2020,',NEFT-N078200385608994-100022672217-TANUJA KAPPALI,8522,0,5287.49
'18/03/2020 20:52:46,'18/03/2020,',NEFT-N078200385608657-100022672042-VYOMA RAJU KAPALLI,15410,0,13809.49
'18/03/2020 20:51:09,'18/03/2020,',NEFT-N078200385608022-100022671897-S RAJMADAN,21143,0,29219.49
'18/03/2020 20:47:13,'18/03/2020,',IMPS/INTERBANK/EASYLEASES TECHNOLOG/XXX9578/RRN:007820199636/HDFCBank,0,40000,50362.49
 '18/03/2020 20:34:00,'18/03/2020,',NEFT-N078200385602937-100022669991-RITA SUNDARAM,29458,0,10362.49
'18/03/2020 20:29:52,'18/03/2020,',NEFT-N078200385601844-100022669488-NITIN SOOD,30749,0,39820.49
'18/03/2020 20:28:09,'18/03/2020,',NEFT-N078200385600827-100022669287-DR. T. VENKATESH REDDY,18580,0,70569.49
'18/03/2020 20:26:30,'18/03/2020,',NEFT-N078200385599794-100022669086-MADHURIMA CHAKRAVORTY,26091,0,89149.49
'18/03/2020 20:24:52,'18/03/2020,',NEFT-N078200385598819-100022668894-LAXSHMI NARAYANANRAMAN,15007,0,115240.49
'18/03/2020 20:23:30,'18/03/2020,',NEFT-N078200385597847-100022668700-KARTICK SUNDARAM ,21153,0,130247.49
'18/03/2020 20:22:30,'18/03/2020,',NEFT-N078200385597004-100022668575-MITALI SINGH,17814,0,151400.49
'18/03/2020 20:18:09,'18/03/2020,',NEFT-N078200385594579-100022667934-PRIYA NAIR,40797,0,169214.49
'18/03/2020 20:16:53,'18/03/2020,',NEFT-N078200385594166-100022667747-ABHISEK DIXIT,13825,0,210011.49
'18/03/2020 20:15:18,'18/03/2020,',NEFT-N078200385592882-100022667536-PENELOPE V BRAGANZA,18820,0,223836.49
'18/03/2020 20:13:14,'18/03/2020,',NEFT-N078200385591773-100022667230-A G YOGESH,18894,0,242656.49
'18/03/2020 20:11:48,'18/03/2020,',NEFT-N078200385590577-100022667011-SYEDA ATIFA ZAHIR,32439,0,261550.49
'18/03/2020 20:07:47,'18/03/2020,',NEFT-N078200385588230-100022666350-RAGHAVENDRA PRABHU,22493,0,293989.49
'18/03/2020 20:06:00,'18/03/2020,',NEFT-N078200385586967-100022666078-ARUN AS,24935,0,316482.49
'18/03/2020 20:04:24,'18/03/2020,',NEFT-N078200385586049-100022665803-DEBI PRASAD RAJGURU,18997,0,341417.49
'18/03/2020 20:02:48,'18/03/2020,',NEFT-N078200385584489-100022665515-VIJAY DWARAKNATH,26593,0,360414.49
'18/03/2020 20:01:11,'18/03/2020,',NEFT-N078200385583417-100022665220-CHINMAY PRASAD,24451,0,387007.49
'18/03/2020 19:59:32,'18/03/2020,',NEFT-N078200385582794-100022664954-SAVANAN MUTHU PILLA,37787,0,411458.49
'18/03/2020 19:58:16,'18/03/2020,',NEFT-N078200385581823-100022664734-MADHU AGRAWAL,37044,0,449245.49
'18/03/2020 19:56:52,'18/03/2020,',NEFT-N078200385580798-100022664482-G PRAVEEN KUMAR,27793,0,486289.49
'18/03/2020 19:54:58,'18/03/2020,',NEFT-N078200385579700-100022664186-PRIYANKA ARORA,17094,0,514082.49
'18/03/2020 19:53:14,'18/03/2020,',NEFT-N078200385578702-100022663888-PRIYANKA ARORA,26991,0,531176.49
'18/03/2020 19:49:46,'18/03/2020,',NEFT-N078200385575878-100022663322-SHWETHA R BHAT,20693,0,558167.49
'10/03/2020 15:12:05,'10/03/2020,',IMPS/BPC44221067257140312/BharatPe/XXX0543/RRN:007015270159/ICICIBank,0,20,578860.49
'07/03/2020 13:01:29,'07/03/2020,',NEFT Cr-ICIC0SF0002-RAMALAXMI NAGARAJAN-Easyleases Technologies Pvt.Ltd.-1940227215,0,23500,578840.49
'07/03/2020 11:59:01,'07/03/2020,'000000410102,CHQ PAID_SELF-CMH ROAD,50000,0,555340.49
'05/03/2020 16:21:09,'05/03/2020,',IMPS/INETIMPS00115216675/Mr  RAHUL  ANAND/XXX1960/RRN:006516595692/StateBankofIndia,0,1000,605340.49
'05/03/2020 16:20:13,'05/03/2020,',IMPS/INETIMPS00115216202/Mr  RAHUL  ANAND/XXX1960/RRN:006516595149/StateBankofIndia,0,20000,604340.49
'05/03/2020 15:37:08,'05/03/2020,',IMPS/A042 vajram rent/PALLETI/XXX0954/RRN:006515395749/HDFCBank,0,27000,584340.49
'05/03/2020 14:03:39,'05/03/2020,',NEFT Cr-HDFC0000001-WOC SOLUTIONS PRIVATE LIMITED-Easyleases Technologies Pvt Ltd-N065201083601862,0,43659,557340.49
'05/03/2020 12:38:27,'05/03/2020,',IMPS/Rent for the March./CHANDRAKUMAR P/XXX3061/RRN:006512321412/FederalBank,0,18000,513681.49
'05/03/2020 11:33:44,'05/03/2020,',NEFT Cr-UTIB0000009-SHIVANSH PANDE-Easy Leases-AXIR200659937241,0,15700,495681.49
'05/03/2020 06:24:43,'05/03/2020,',Funds Trf from XX0061/RRN : 006506115345/From : RESILIENT INNOVATIONS PRIVATE LIMITED,0,81700,479981.49
'04/03/2020 22:54:59,'04/03/2020,',IMPS/Rentofmarch/MADHUKAR V/XXX0252/RRN:006422880508/BankOfIndia,0,42000,398281.49
'04/03/2020 15:31:26,'04/03/2020,',NEFT-N064200384118615-100022604523-COLIFE ADVISORY PVT. LTD.,22680,0,356281.49
'04/03/2020 15:29:42,'04/03/2020,',NEFT-N064200384114347-100022604456-VEENA P,589,0,378961.49
'04/03/2020 15:26:57,'04/03/2020,',NEFT-N064200384106347-100022604361-RAKESH P,5000,0,379550.49
'04/03/2020 15:26:14,'04/03/2020,',NEFT-N064200384104732-100022604329-VEENA P,22300,0,384550.49
'04/03/2020 15:21:27,'04/03/2020,',IMPS/MB: DEPOSIT RETURN /VIKRAM SINGH/XXX2494/RRN:006415614102/KotakMahindraBank,0,30000,406850.49
'04/03/2020 14:33:11,'04/03/2020,',NEFT Cr-CITI0000002-ONE97 COMMUNICATIONS LIMITED-EASYLEASES TECHNOLOGIES PRIVATE LIMITED-CITIN20035928864,0,33060.36,376850.49
'04/03/2020 14:32:23,'04/03/2020,',NEFT Cr-CITI0000002-ONE97 COMMUNICATIONS LIMITED-EASYLEASES TECHNOLOGIES PVT LTD-CITIN20035921806,0,39000,343790.13
'04/03/2020 12:01:44,'04/03/2020,',NEFT Cr-ICIC0SF0002-SANDEEP KRISHNAN UNNI-EasyLeases Technologies Pvt Ltd-1936951172,0,15750,304790.13
'04/03/2020 01:04:10,'04/03/2020,',UPI/006401112761/From:bharatpemerchant@yesbank/To:069664700000762@YESB0000696.ifsc.npci/BHARATPE9020009194720200303YES,0,37800,289040.13
'03/03/2020 17:57:58,'03/03/2020,',IMPS/D1103rent/MINI RAJAN/XXX9596/RRN:006317830400/ICICIBank,0,29000,251240.13
'03/03/2020 08:07:54,'03/03/2020,',IMPS/MOBLT0303080791879/JITHESH PRASAD/XXX4515/RRN:006308963557/StateBankofIndia,0,25000,222240.13
'03/03/2020 00:55:20,'03/03/2020,',UPI/006300638347/From:bharatpemerchant@yesbank/To:069664700000762@YESB0000696.ifsc.npci/BHARATPE9020009194720200302YES,0,6500,197240.13
'02/03/2020 20:31:27,'02/03/2020,',NEFT Cr-HDFC0000001-SANDEEP KUMAR SUNA-EASY-N062201080488054,0,19500,190740.13
'02/03/2020 16:09:36,'02/03/2020,',NEFT-N062200382270905-100022559419-EASYLEASES TECHNOLOGIES PRIVATE LTD,150000,0,171240.13
'02/03/2020 14:33:24,'02/03/2020,',NEFT Cr-CITI0000002-ONE97 COMMUNICATIONS LIMITED-EASYLEASES TECHNOLOGIES PRIVATE LIMITED-CITIN20034457465,0,59371.32,321240.13
'02/03/2020 13:34:48,'02/03/2020,',NEFT Cr-CITI0000002-ONE97 COMMUNICATIONS LIMITED-EASYLEASES TECHNOLOGIES PRIVATE LIMITED-CITIN20034381095,0,28985.84,261868.81
'02/03/2020 12:04:09,'02/03/2020,',NEFT Cr-ICIC0SF0002-SHITAL KUMAR BHAGAT-EASYLEASES TECHNOLOGIES PVT LTD-1934651849,0,150000,232882.97
'02/03/2020 00:58:49,'02/03/2020,',UPI/006200170832/From:bharatpemerchant@yesbank/To:069664700000762@YESB0000696.ifsc.npci/BHARATPE9020009194720200301YES,0,10500,82882.97
'01/03/2020 20:56:49,'01/03/2020,',IMPS/RENT/SRABONY  MAITRA/XXX0817/RRN:006120298705/Citibank,0,19800,72382.97
'01/03/2020 18:18:53,'01/03/2020,',NEFT O/W N061200381204085 NAVEEN KUMAR K DBS BANK LTD,10000,0,52582.97
'01/03/2020 13:02:32,'01/03/2020,',NEFT-N061200381177568-100022537745-SENTHILKUMAR SUNDARAM,35000,0,62582.97
'01/03/2020 12:44:02,'01/03/2020,',NEFT-N061200381176199-100022537622-VINOD KUMAR,1850,0,97582.97
'01/03/2020 12:38:24,'01/03/2020,',IMPS/Mar2020/AMITABH GHOSH/XXX6271/RRN:006112132219/HDFCBank,0,16800,99432.97
'01/03/2020 12:37:12,'01/03/2020,',NEFT-N061200381175162-100022537553-SHOBHIT KUMAR SINGH,61345,0,82632.97
'01/03/2020 12:35:16,'01/03/2020,',NEFT-N061200381175055-100022537535-VINOD KUMAR,17800,0,143977.97
'01/03/2020 12:33:23,'01/03/2020,',IMPS/Interbank/EASYLEASES TECHNOLOG/XXX9578/RRN:006112130061/HDFCBank,0,100000,161777.97